Saving the Game
PlayerPosX=332.6467
PlayerPosY=140.1005
PlayerPosZ=178.4056
PlayerRotateX=3.907985E-14
PlayerRotateY=0.2273107
PlayerRotateZ=1.421085E-14
load10coins
