Saving the Game
PlayerPosX=297.1844
PlayerPosY=140.1005
PlayerPosZ=227.7135
PlayerRotateX=-2.246736E-11
PlayerRotateY=0.3871076
PlayerRotateZ=-1.563194E-13
load10coins
